已知哈希表长为15，哈希函数为H(key)=key mod 11，线性探测再散列解决冲突，输入n个关键字，建立哈希表（地址为0…14，初始均为-999）；任意输入关键字，判断是否在哈希表中，若存在显示查找成功并显示查找次数；若不存在，插入到哈希表中，再显示哈希表中的关键字序列。

输入格式：

第一行一个正整数n表示关键字个数；第二行输入n个不相同的整数（不能为-999），空格分隔；第三行输入一个整数关键字x（不能为-999）

输出格式：

第四行输出哈希表中的所有关键字，空格分隔。
若存在x，则第五行显示“查找成功 k1”，k1为查找次数；
若不存在x，第五行显示“插入成功 k2”，k2为x插入的位置。

样例输入1：
7
23 56 13 18 70 19 34
34

样例输出1：
-999 23 56 13 70 34 -999 18 19 -999 -999 -999 -999 -999 -999
查找成功 5

样例输入2：
7
23 56 13 18 70 19 34
30

样例输出2：
-999 23 56 13 70 34 -999 18 19 -999 -999 -999 -999 -999 -999
插入成功 9
